233;247;230
232;247;230
231;246;230
230;246;230
229;245;230
228;244;230
227;244;230
226;243;230
225;243;229
224;242;229
223;241;229
222;241;229
221;240;229
220;240;229
219;239;229
218;238;228
217;238;228
216;237;228
215;237;228
214;236;228
213;235;228
212;235;228
211;234;227
210;234;227
209;233;227
208;232;227
207;232;227
206;231;227
205;230;227
204;230;227
203;229;226
202;229;226
201;228;226
200;227;226
199;227;226
198;226;226
197;226;226
196;225;225
195;224;225
194;224;225
193;223;225
192;223;225
191;222;225
190;221;225
189;221;224
188;220;224
187;220;224
186;219;224
185;218;224
184;218;224
183;217;224
182;216;223
181;216;223
180;215;223
179;215;223
178;214;223
177;213;223
176;213;223
175;212;223
174;212;222
173;211;222
172;210;222
171;210;222
170;209;222
169;209;222
168;208;222
167;207;221
166;207;221
165;206;221
164;206;221
163;205;221
162;204;221
161;204;221
160;203;220
159;203;220
158;202;220
157;201;220
156;201;220
155;200;220
154;199;220
153;199;220
152;198;219
151;198;219
150;197;219
149;196;219
148;196;219
147;195;219
146;195;219
145;194;218
144;193;218
143;193;218
142;192;218
141;192;218
140;191;218
139;190;218
138;190;217
137;189;217
136;189;217
135;188;217
134;187;217
133;187;217
132;186;217
131;185;216
131;185;216
130;183;215
129;181;214
128;179;213
126;177;212
125;175;211
124;173;210
123;171;209
121;169;208
120;167;207
119;165;206
118;163;205
116;161;204
115;159;203
114;157;202
113;155;201
111;153;200
110;151;199
109;149;198
108;147;197
106;145;196
105;143;195
104;141;194
103;139;193
101;137;192
100;135;191
99;133;190 
98;131;189 
96;129;188 
95;127;187 
94;125;186 
93;123;185 
91;121;184 
90;119;183 
89;117;182 
88;115;181 
86;113;180 
85;111;179 
84;109;178 
83;107;177 
81;105;176 
80;103;175 
79;101;174 
78;99;173  
76;97;171  
75;95;170  
74;93;169  
73;91;168  
71;89;167  
70;87;166  
69;85;165  
68;83;164  
66;81;163  
65;79;162  
64;77;161  
63;75;160  
61;73;159  
60;71;158  
59;69;157  
58;67;156  
56;65;155  
55;63;154  
54;61;153  
53;59;152  
51;57;151  
50;55;150  
