96;150;197 
98;151;197 
100;152;198
102;154;199
104;155;200
106;157;201
108;158;201
110;160;202
112;161;203
114;163;204
116;164;205
118;166;205
120;167;206
122;169;207
124;170;208
126;172;209
128;173;209
130;175;210
132;176;211
134;178;212
136;179;213
138;181;213
140;182;214
142;184;215
144;185;216
146;187;217
148;188;217
150;189;218
152;191;219
154;192;220
156;194;221
158;195;221
160;197;222
162;198;223
164;200;224
166;201;225
168;203;225
170;204;226
172;206;227
174;207;228
176;209;229
178;210;229
180;212;230
182;213;231
184;215;232
186;216;233
188;218;233
190;219;234
192;221;235
194;222;236
196;224;237
198;225;237
200;226;238
202;228;239
204;229;240
206;231;241
208;232;241
210;234;242
212;235;243
214;237;244
216;238;245
218;240;245
220;241;246
222;243;247
223;244;248
223;244;246
223;243;244
224;242;242
224;241;240
225;240;238
225;240;236
226;239;234
226;238;232
226;237;230
227;236;228
227;236;226
228;235;224
228;234;222
229;233;220
229;232;218
229;232;216
230;231;214
230;230;212
231;229;210
231;228;208
232;227;206
232;227;204
233;226;202
233;225;200
233;224;198
234;223;196
234;223;194
235;222;192
235;221;190
236;220;188
236;219;186
236;219;184
237;218;182
237;217;180
238;216;178
238;215;176
239;214;174
239;214;172
239;213;170
240;212;168
240;211;166
241;210;164
241;210;162
242;209;160
242;208;158
243;207;156
243;206;154
243;206;152
244;205;150
244;204;148
245;203;146
245;202;144
246;201;142
246;201;140
246;200;138
247;199;136
247;198;134
248;197;132
248;197;130
249;196;128
249;195;126
249;194;124
250;193;122
250;193;120
251;192;118
251;191;116
252;190;114
252;189;112
253;188;110
253;188;110
253;186;110
252;184;109
251;182;108
250;180;107
249;178;107
248;176;106
247;174;105
246;172;104
245;170;104
244;168;103
243;166;102
242;164;101
241;162;101
240;160;100
239;158;99 
239;156;98 
238;154;98 
237;152;97 
236;150;96 
235;148;95 
234;146;95 
233;144;94 
232;142;93 
231;140;92 
230;138;92 
229;136;91 
228;134;90 
227;132;89 
226;130;89 
225;128;88 
224;126;87 
224;124;86 
223;122;86 
222;120;85 
221;118;84 
220;116;83 
219;114;83 
218;112;82 
217;110;81 
216;108;80 
215;106;80 
214;104;79 
213;102;78 
212;100;77 
211;98;77  
210;96;76  
209;94;75  
209;92;74  
208;90;73  
207;88;73  
206;86;72  
205;84;71  
204;82;70  
203;80;70  
202;78;69  
201;76;68  
200;74;67  
199;72;67  
198;70;66  
197;68;65  
196;66;64  
195;64;64  
195;62;63  
194;60;62  
193;58;61  
192;56;61  
191;54;60  
190;52;59  
189;50;58  
188;48;58  
187;46;57  
186;44;56  
185;42;55  
184;40;55  
183;38;54  
182;36;53  
181;34;52  
180;32;52  
180;30;51  
179;28;50  
178;26;49  
177;24;49  
176;22;48  
175;20;47  
174;18;46  
173;16;46  
172;14;45  
171;12;44  
170;10;43  
169;8;43   
168;6;42   
167;4;41   
166;2;40   
165;0;39   
